results__binary
set_10000_time_close,730.8762926147047,344,21
set_1000_close_time,71.51963701489164,98,3
set_1000_time,20.270232229858703,1,5
set_10_3_3_eq,2.315601457219329,39,2
set_11_3_3_eq,17.229959875511646,31,2
set_12_3_3_eq,34.91847368438259,29,2
set_13_8_rand,106.90268417616488,98,4
set_14_8_rand,110.52935249453066,99,3
set_1500_close_time,108.76819210432936,111,4
set_1500_time,19.55173240799066,1,4
set_15_8_rand,66.21554921060499,100,3
set_16_8_rand,87.17858206753274,103,3
set_17_8_rand,85.16502672642956,104,3
set_18_8_rand,122.24802617719695,101,3
set_19_8_rand,68.01295235633944,97,3
set_1_2_eq,0.0,0,2
set_2000_close_time,156.0887627266127,143,3
set_2000_time,1.0,2,2
set_20_8_rand,60.2103179629144,96,3
set_2500_close_time,173.53166167516025,171,3
set_2500_time,111.98967575094974,1,3
set_2_2_eq,0.7555567597039141,0,2
set_3000_close_time,226.23536876567564,209,4
set_3000_time,2.0,2,3
set_3500_close_time,261.1193438137401,235,4
set_3500_time,124.28364916231365,2,3
set_3_2_eq,0.4341602696291333,18,2
set_4000_close_time,299.69375477550795,262,4
set_4000_time,1.0,2,3
set_4500_close_time,361.64392585769457,305,3
set_4500_time,173.4358250886882,3,3
set_4_2_eq,14.699863903924292,14,2
set_5000_close_time,382.0607290111571,339,4
set_5000_time,0.5,4,3
set_500_close_time,33.64513366817213,33,3
set_500_time,0.0,1,1
set_5_3_2_eq,0.2758700801642444,0,2
set_6000_time_close,430.12444773281175,420,4
set_6_3_2_eq,3.001392633326147,26,2
set_7000_time_close,510.973871214935,502,4
set_7_3_2_eq,3.8142826414346787,25,2
set_8000_time_close,596.3802422221252,546,5
set_8_3_2_eq,15.16036525163102,24,2
set_9000_time_close,671.6897821958689,595,5
set_9_3_3_eq,1.7115772878229345,1,2
results__one_of
set_10000_time_close,382.60204690240425,537,5
set_1000_close_time,36.01153788732614,55,2
set_1000_time,10.318197187062236,1,2
set_10_3_3_eq,5.9419392225358125,23,2
set_11_3_3_eq,15.937991858632264,22,2
set_12_3_3_eq,19.858934093747546,21,2
set_13_8_rand,20.14307259658632,59,2
set_14_8_rand,19.562780362496717,59,3
set_1500_close_time,50.4093043689471,85,2
set_1500_time,13.532469140209045,0,3
set_15_8_rand,29.981496395439375,58,2
set_16_8_rand,27.691304260103784,64,6
set_17_8_rand,17.976128718427624,63,2
set_18_8_rand,29.251287492163335,58,2
set_19_8_rand,53.594520543283764,58,2
set_1_2_eq,0.5025592298159054,1,1
set_2000_close_time,76.7185596319294,114,3
set_2000_time,0.0,1,3
set_20_8_rand,8.00072506603067,59,2
set_2500_close_time,81.9696040408088,145,3
set_2500_time,51.867888631650644,1,2
set_2_2_eq,0.08578131783253008,0,2
set_3000_close_time,115.64336661446637,175,3
set_3000_time,16.14375278911414,2,3
set_3500_close_time,129.26506901515398,200,3
set_3500_time,107.84313894032132,1,3
set_3_2_eq,0.23916100830376374,13,2
set_4000_close_time,146.0,228,4
set_4000_time,5.0202110999673515,2,3
set_4500_close_time,180.63296001491645,224,3
set_4500_time,104.13913694577748,3,4
set_4_2_eq,8.88110238658378,12,2
set_5000_close_time,184.16201303540112,281,3
set_5000_time,11.035824282794348,2,3
set_500_close_time,17.583133275718506,27,3
set_500_time,0.0,0,2
set_5_3_2_eq,0.5,0,2
set_6000_time_close,214.37260165516426,358,5
set_6_3_2_eq,1.9357846283287596,27,2
set_7000_time_close,255.5,400,4
set_7_3_2_eq,1.5271298928867716,22,3
set_8000_time_close,284.269381376973,453,5
set_8_3_2_eq,8.554787325599674,23,2
set_9000_time_close,336.13761409173964,442,4
set_9_3_3_eq,1.5,1,2
results_10_binary
set_10000_time_close,985.0,2539,6
set_1000_close_time,104.0,385,3
set_1000_time,1.0,7,3
set_10_3_3_eq,22.03600646309081,131,2
set_11_3_3_eq,39.772670038246595,126,2
set_12_3_3_eq,42.5,108,2
set_13_8_rand,133.3516158834199,301,2
set_14_8_rand,132.60265663769383,393,2
set_1500_close_time,154.5,390,3
set_1500_time,0.0,6,2
set_15_8_rand,130.0,300,3
set_16_8_rand,121.5,307,3
set_17_8_rand,122.5,293,2
set_18_8_rand,163.5,294,3
set_19_8_rand,99.0,301,2
set_1_2_eq,14.0,1,2
set_2000_close_time,197.0,496,3
set_2000_time,16.0,7,3
set_20_8_rand,116.7243818640593,298,3
set_2500_close_time,237.5,651,3
set_2500_time,0.0,14,3
set_2_2_eq,0.0,1,2
set_3000_close_time,296.0,758,4
set_3000_time,6.0,18,4
set_3500_close_time,314.0,890,4
set_3500_time,35.5,20,3
set_3_2_eq,1.0,85,2
set_4000_close_time,287.0,970,3
set_4000_time,252.5,20,4
set_4500_close_time,446.0,1144,3
set_4500_time,1.0,28,4
set_4_2_eq,18.0,85,2
set_5000_close_time,495.0,1236,4
set_5000_time,646.0,24,4
set_500_close_time,50.5,164,2
set_500_time,32.5,3,2
set_5_3_2_eq,1.0,30,3
set_6000_time_close,653.5,1485,4
set_6_3_2_eq,3.0,77,2
set_7000_time_close,686.5,1730,5
set_7_3_2_eq,4.0,109,3
set_8000_time_close,1000.0,2006,5
set_8_3_2_eq,28.0,86,3
set_9000_time_close,910.0,2247,5
set_9_3_3_eq,2.0,17,2
results_10_one_of
set_10000_time_close,599.5,2264,6
set_1000_close_time,64.5,229,3
set_1000_time,63.0,252,3
set_10_3_3_eq,36.5,77,2
set_11_3_3_eq,39.5,77,2
set_12_3_3_eq,38.0,77,3
set_13_8_rand,36.5,207,3
set_14_8_rand,123.0,223,5
set_1500_close_time,93.5,364,3
set_1500_time,95.5,347,3
set_15_8_rand,42.0,215,3
set_16_8_rand,107.5,209,3
set_17_8_rand,46.0,236,2
set_18_8_rand,40.5,255,3
set_19_8_rand,35.5,207,3
set_1_2_eq,0.0,2,2
set_2000_close_time,131.5,452,3
set_2000_time,131.5,455,3
set_20_8_rand,33.31004335702353,214,2
set_2500_close_time,162.0,574,3
set_2500_time,161.5,583,3
set_2_2_eq,0.0,13,2
set_3000_close_time,188.5,691,4
set_3000_time,188.5,716,3
set_3500_close_time,220.5,781,3
set_3500_time,227.5,809,4
set_3_2_eq,0.5,87,2
set_4000_close_time,250.0,907,4
set_4000_time,250.5,894,4
set_4500_close_time,290.5,1027,4
set_4500_time,286.0,1008,4
set_4_2_eq,8.0,65,2
set_5000_close_time,314.0,1146,4
set_5000_time,302.0,1155,16
set_500_close_time,33.5,112,3
set_500_time,30.0,5,2
set_5_3_2_eq,48.5,77,2
set_6000_time_close,362.0,1364,4
set_6_3_2_eq,24.0,77,3
set_7000_time_close,440.0,1553,5
set_7_3_2_eq,24.0,81,2
set_8000_time_close,501.0,1719,5
set_8_3_2_eq,22.5,85,2
set_9000_time_close,554.5,2041,5
set_9_3_3_eq,26.5,74,2
results_20_binary
set_10000_time_close,985.0,4308,6
set_1000_close_time,98.5,492,3
set_1000_time,0.0,11,2
set_10_3_3_eq,7.5,209,2
set_11_3_3_eq,33.0,189,3
set_12_3_3_eq,41.5,164,3
set_13_8_rand,97.5,524,3
set_14_8_rand,103.0,533,3
set_1500_close_time,163.0,685,3
set_1500_time,2.0,7,3
set_15_8_rand,106.23385562861225,521,3
set_16_8_rand,82.5,537,3
set_17_8_rand,51.5,544,3
set_18_8_rand,74.5,526,3
set_19_8_rand,240.0,536,4
set_1_2_eq,0.0,3,2
set_2000_close_time,197.5,902,3
set_2000_time,2.0,15,3
set_20_8_rand,36.5,545,2
set_2500_close_time,239.0,1107,3
set_2500_time,0.0,22,3
set_2_2_eq,0.0,4,2
set_3000_close_time,227.0,1320,3
set_3000_time,68.0,17,3
set_3500_close_time,251.0,1502,3
set_3500_time,53.0,32,3
set_3_2_eq,8.315810537231258,158,2
set_4000_close_time,422.5,1710,4
set_4000_time,1.0,25,3
set_4500_close_time,494.0,1915,4
set_4500_time,286.5,29,4
set_4_2_eq,22.5,148,3
set_5000_close_time,417.0,2152,4
set_5000_time,0.5,41,4
set_500_close_time,53.5,241,2
set_500_time,0.0,6,2
set_5_3_2_eq,1.7501995912322958,15,2
set_6000_time_close,597.0,2581,5
set_6_3_2_eq,2.0804254466156373,196,3
set_7000_time_close,673.0,3075,5
set_7_3_2_eq,8.87914873017931,193,2
set_8000_time_close,776.0,3399,5
set_8_3_2_eq,26.0,167,3
set_9000_time_close,1109.0,3959,6
set_9_3_3_eq,1.970494425640432,33,2
results_20_one_of
set_10000_time_close,650.5,3806,5
set_1000_close_time,39.0,407,2
set_1000_time,3.5,28,2
set_10_3_3_eq,29.0,132,3
set_11_3_3_eq,39.5,136,2
set_12_3_3_eq,47.5,139,2
set_13_8_rand,36.5,362,2
set_14_8_rand,36.114993762043326,403,3
set_1500_close_time,94.0,624,3
set_1500_time,92.0,589,3
set_15_8_rand,42.0,379,3
set_16_8_rand,107.5,362,3
set_17_8_rand,18.0,401,3
set_18_8_rand,45.0,431,3
set_19_8_rand,35.5,372,3
set_1_2_eq,1.9922532802296171,1,2
set_2000_close_time,131.5,793,3
set_2000_time,131.5,127,3
set_20_8_rand,28.5,364,3
set_2500_close_time,150.5,1001,2
set_2500_time,151.0,28,3
set_2_2_eq,1.9193695282104093,3,1
set_3000_close_time,188.5,1191,3
set_3000_time,7.0,1020,4
set_3500_close_time,217.0,1359,4
set_3500_time,227.5,1342,3
set_3_2_eq,0.5,143,2
set_4000_close_time,250.0,1553,3
set_4000_time,249.5,1583,4
set_4500_close_time,272.0,1765,4
set_4500_time,286.0,1694,4
set_4_2_eq,9.0,136,2
set_5000_close_time,311.0,1925,4
set_5000_time,2.0,179,3
set_500_close_time,29.0,211,3
set_500_time,0.0,20,2
set_5_3_2_eq,38.0,143,2
set_6000_time_close,362.0,2326,5
set_6_3_2_eq,24.0,135,3
set_7000_time_close,440.0,2679,5
set_7_3_2_eq,48.0,130,2
set_8000_time_close,499.0,3041,5
set_8_3_2_eq,32.5,152,2
set_9000_time_close,554.5,3404,6
set_9_3_3_eq,26.5,138,3
results_50_binary
set_10000_time_close,986.0,9228,8
set_1000_close_time,129.0,1064,3
set_1000_time,62.0,12,3
set_10_3_3_eq,20.5,477,2
set_11_3_3_eq,20.437191107694094,419,3
set_12_3_3_eq,36.08663082073094,379,2
set_13_8_rand,111.0,1165,3
set_14_8_rand,89.55123914113365,1180,3
set_1500_close_time,117.5,1450,3
set_1500_time,0.0,22,3
set_15_8_rand,184.0,1185,2
set_16_8_rand,144.05116025656062,1201,3
set_17_8_rand,33.96856970564837,1181,3
set_18_8_rand,99.5,1210,2
set_19_8_rand,58.267844200235906,1215,3
set_1_2_eq,4.5,5,2
set_2000_close_time,196.5,1900,3
set_2000_time,0.0,38,3
set_20_8_rand,41.0,1210,3
set_2500_close_time,227.5,2385,3
set_2500_time,0.0,36,4
set_2_2_eq,0.0,7,2
set_3000_close_time,227.0,2792,4
set_3000_time,0.0,57,3
set_3500_close_time,252.0,3275,4
set_3500_time,1.0,34,4
set_3_2_eq,0.0,354,3
set_4000_close_time,386.5,3753,4
set_4000_time,1.0,62,4
set_4500_close_time,489.0,4173,5
set_4500_time,0.0,69,4
set_4_2_eq,27.0,339,2
set_5000_close_time,493.5,4603,4
set_5000_time,8.0,84,5
set_500_close_time,46.5,535,2
set_500_time,0.0,7,3
set_5_3_2_eq,1.5,29,3
set_6000_time_close,678.5,5501,5
set_6_3_2_eq,2.3335487774647468,98,3
set_7000_time_close,673.5,6428,21
set_7_3_2_eq,3.038834220303163,425,3
set_8000_time_close,769.5,7423,6
set_8_3_2_eq,25.5,351,2
set_9000_time_close,1125.0,8351,7
set_9_3_3_eq,2.2767639979511083,22,2
results_50_one_of
set_10000_time_close,415.0,8251,7
set_1000_close_time,64.5,888,3
set_1000_time,0.0,23,3
set_10_3_3_eq,22.0,294,2
set_11_3_3_eq,48.0,305,2
set_12_3_3_eq,38.0,311,3
set_13_8_rand,33.0,836,3
set_14_8_rand,70.5,850,3
set_1500_close_time,93.5,1288,3
set_1500_time,95.5,27,3
set_15_8_rand,42.0,844,3
set_16_8_rand,36.5,819,3
set_17_8_rand,24.5,903,3
set_18_8_rand,58.5,987,2
set_19_8_rand,113.0,823,3
set_1_2_eq,5.792484388907542,4,2
set_2000_close_time,131.5,1766,4
set_2000_time,131.5,258,4
set_20_8_rand,29.5,805,2
set_2500_close_time,162.0,2103,4
set_2500_time,16.5,77,3
set_2_2_eq,1.5,7,2
set_3000_close_time,188.5,2609,3
set_3000_time,65.0,58,3
set_3500_close_time,217.0,3003,4
set_3500_time,1.0,123,4
set_3_2_eq,1.5,341,2
set_4000_close_time,250.0,3338,4
set_4000_time,19.7794781593347,78,5
set_4500_close_time,290.5,3761,5
set_4500_time,0.5,168,4
set_4_2_eq,13.5,313,2
set_5000_close_time,314.0,4196,5
set_5000_time,302.0,113,5
set_500_close_time,19.5,504,3
set_500_time,32.5,9,2
set_5_3_2_eq,22.0,290,3
set_6000_time_close,388.0,4989,5
set_6_3_2_eq,15.679190475435746,302,2
set_7000_time_close,440.0,5885,5
set_7_3_2_eq,18.5,312,3
set_8000_time_close,501.0,6582,6
set_8_3_2_eq,39.0,316,2
set_9000_time_close,570.5,7564,7
set_9_3_3_eq,18.0,284,3
results_10-10_binary
set_10000_time_close,1301.0,5154,7
set_1000_close_time,121.0,510,3
set_1000_time,125.0,502,2
set_10_3_3_eq,37.5,177,2
set_11_3_3_eq,37.5,166,2
set_12_3_3_eq,37.5,164,3
set_13_8_rand,100.0,504,3
set_14_8_rand,329.0,491,3
set_1500_close_time,187.5,787,3
set_1500_time,187.5,784,3
set_15_8_rand,256.0,510,2
set_16_8_rand,171.0,510,2
set_17_8_rand,174.0,509,3
set_18_8_rand,171.0,495,3
set_19_8_rand,100.0,497,3
set_1_2_eq,28.0,145,2
set_2000_close_time,250.0,1011,3
set_2000_time,250.0,1011,3
set_20_8_rand,100.0,511,3
set_2500_close_time,312.5,1278,3
set_2500_time,323.0,1279,3
set_2_2_eq,3.0,81,3
set_3000_close_time,377.0,1529,3
set_3000_time,373.0,1507,4
set_3500_close_time,441.0,1760,3
set_3500_time,455.0,1748,3
set_3_2_eq,25.0,138,2
set_4000_close_time,500.0,2209,4
set_4000_time,501.0,2089,4
set_4500_close_time,581.0,2269,4
set_4500_time,562.5,2310,4
set_4_2_eq,23.0,136,2
set_5000_close_time,622.0,2577,5
set_5000_time,625.0,2510,4
set_500_close_time,67.0,258,3
set_500_time,62.5,271,3
set_5_3_2_eq,49.0,161,2
set_6000_time_close,750.0,3009,5
set_6_3_2_eq,62.5,159,3
set_7000_time_close,880.0,3629,5
set_7_3_2_eq,37.5,159,2
set_8000_time_close,1002.0,4190,6
set_8_3_2_eq,51.1785987359636,165,3
set_9000_time_close,1109.0,4602,6
set_9_3_3_eq,45.0,163,2
results_10-10_one_of
set_10000_time_close,650.5,4766,6
set_1000_close_time,60.5,489,3
set_1000_time,62.0,482,2
set_10_3_3_eq,22.0,182,2
set_11_3_3_eq,39.5,185,2
set_12_3_3_eq,47.5,182,2
set_13_8_rand,36.5,417,3
set_14_8_rand,34.0,432,3
set_1500_close_time,93.5,728,2
set_1500_time,92.0,738,3
set_15_8_rand,42.0,414,2
set_16_8_rand,36.5,430,3
set_17_8_rand,40.0,420,3
set_18_8_rand,41.5,432,2
set_19_8_rand,35.5,419,3
set_1_2_eq,0.0,5,2
set_2000_close_time,118.5,970,3
set_2000_time,131.5,981,3
set_20_8_rand,35.0,422,2
set_2500_close_time,162.0,1223,3
set_2500_time,2.0,1018,4
set_2_2_eq,14.5,124,2
set_3000_close_time,186.5,1479,4
set_3000_time,188.5,1458,3
set_3500_close_time,217.0,1712,3
set_3500_time,227.5,1721,4
set_3_2_eq,0.0,135,2
set_4000_close_time,250.0,2096,3
set_4000_time,250.5,1949,3
set_4500_close_time,272.0,2131,4
set_4500_time,286.0,2190,4
set_4_2_eq,13.5,142,2
set_5000_close_time,314.0,2440,5
set_5000_time,302.0,2435,4
set_500_close_time,33.5,337,3
set_500_time,32.5,262,2
set_5_3_2_eq,26.5,184,2
set_6000_time_close,362.0,2879,4
set_6_3_2_eq,38.5,172,3
set_7000_time_close,440.0,3427,5
set_7_3_2_eq,24.0,176,2
set_8000_time_close,499.0,3894,5
set_8_3_2_eq,23.0,184,3
set_9000_time_close,554.5,4383,6
set_9_3_3_eq,26.5,174,2
