results__binary
set_10000_time,4.0,47,35
set_10000_time_close,733.7975802313312,1397,16
set_1000_close_time,70.64719209909507,143,3
set_1000_time,0.5,1,3
set_10_3_3_eq,2.59303687235275,62,2
set_11_3_3_eq,18.22307835673179,55,3
set_12_3_3_eq,39.39080956349975,58,2
set_13_8_rand,86.67624546622976,197,2
set_14_8_rand,211.9353143777426,197,22
set_1500_close_time,116.88924911046821,225,3
set_1500_time,0.0,1,4
set_15_8_rand,60.30160472065843,215,4
set_16_8_rand,108.98106724666634,225,3
set_17_8_rand,70.80358936478433,233,2
set_18_8_rand,87.06121178898636,199,3
set_19_8_rand,60.75611817143986,194,2
set_1_2_eq,0.0,0,2
set_2000_close_time,157.01150728151111,283,3
set_2000_time,1.0,1,2
set_20_8_rand,66.74467682812652,198,2
set_2500_close_time,165.5690348548346,346,3
set_2500_time,0.0,1,3
set_2_2_eq,1.1215406918041182,0,2
set_3000_close_time,228.41470060919278,416,3
set_3000_time,1.0,2,2
set_3500_close_time,260.82998049187967,491,3
set_3500_time,204.77101537064482,2,3
set_3_2_eq,0.2608305000027135,32,2
set_4000_close_time,296.0013049762056,551,3
set_4000_time,209.16696891248412,2,3
set_4500_close_time,347.368526211301,639,4
set_4500_time,3.0,3,3
set_4_2_eq,18.546313331438036,32,2
set_5000_close_time,404.6022503093857,687,4
set_5000_time,1.0,3,4
set_500_close_time,30.112544938032713,67,3
set_500_time,0.0,1,2
set_5_3_2_eq,0.5,1,2
set_6000_time,2.0,4,4
set_6000_time_close,429.0670182670822,837,4
set_6_3_2_eq,2.135505539712948,52,2
set_7000_time,270.595340684737,4,24
set_7000_time_close,510.8885657505411,1017,5
set_7_3_2_eq,3.4748625014504,56,3
set_8000_time,1.0,7,6
set_8000_time_close,568.1097643529063,1108,4
set_8_3_2_eq,22.05977697129074,51,3
set_9000_time,300.67191145046434,3,5
set_9000_time_close,659.2477537067952,1269,5
set_9_3_3_eq,1.3574455740838482,0,2
results_10_binary
set_10000_time,598.0,52,5
set_10000_time_close,993.0,5156,6
set_1000_close_time,99.5,554,2
set_1000_time,126.0,4,2
set_10_3_3_eq,20.0,214,2
set_11_3_3_eq,20.020339287162397,222,2
set_12_3_3_eq,54.5,195,3
set_13_8_rand,157.48067378469884,648,2
set_14_8_rand,172.0,628,2
set_1500_close_time,118.0,790,3
set_1500_time,0.0,10,2
set_15_8_rand,160.10705892462317,639,2
set_16_8_rand,182.0,621,2
set_17_8_rand,67.5,607,3
set_18_8_rand,120.5,640,2
set_19_8_rand,65.5,623,3
set_1_2_eq,11.0,1,2
set_2000_close_time,263.0,1029,2
set_2000_time,237.0,13,3
set_20_8_rand,57.5,641,14
set_2500_close_time,239.5,1284,3
set_2500_time,6.0,15,4
set_2_2_eq,0.0,2,2
set_3000_close_time,297.5,1540,25
set_3000_time,231.5,14,31
set_3500_close_time,274.0,1792,4
set_3500_time,0.0,18,4
set_3_2_eq,1.0,163,2
set_4000_close_time,280.0,2060,4
set_4000_time,262.0,17,3
set_4500_close_time,445.5,2282,3
set_4500_time,3.0,32,4
set_4_2_eq,25.0,161,2
set_5000_close_time,493.0,2536,20
set_5000_time,646.0,19,4
set_500_close_time,45.5,290,2
set_500_time,32.5,3,2
set_5_3_2_eq,1.0,13,3
set_6000_time,0.5,33,4
set_6000_time_close,641.5,3046,5
set_6_3_2_eq,2.5,217,2
set_7000_time,445.0,52,5
set_7000_time_close,509.0,3581,5
set_7_3_2_eq,8.5,205,3
set_8000_time,509.5,50,5
set_8000_time_close,779.0,4011,5
set_8_3_2_eq,26.775852034232187,188,18
set_9000_time,4.0,54,5
set_9000_time_close,875.5,4592,5
set_9_3_3_eq,5.933044761769424,10,2
results_20_binary
set_10000_time,9.0,76,6
set_10000_time_close,847.0,8516,6
set_1000_close_time,129.0,926,2
set_1000_time,63.5,7,20
set_10_3_3_eq,9.5,409,2
set_11_3_3_eq,22.27699391121591,370,2
set_12_3_3_eq,47.0,312,2
set_13_8_rand,105.52069445532727,1074,3
set_14_8_rand,88.7400266888642,1076,2
set_1500_close_time,127.5,1343,3
set_1500_time,0.0,7,3
set_15_8_rand,108.0,1059,3
set_16_8_rand,93.0,1085,3
set_17_8_rand,89.0,1046,2
set_18_8_rand,92.10487145492904,1063,3
set_19_8_rand,88.5,1081,3
set_1_2_eq,14.0,2,1
set_2000_close_time,158.0,1758,3
set_2000_time,2.0,17,3
set_20_8_rand,29.021813426757696,1059,3
set_2500_close_time,213.5,2202,3
set_2500_time,0.0,18,3
set_2_2_eq,0.011113864796573251,4,2
set_3000_close_time,296.5,2604,4
set_3000_time,1.5,31,4
set_3500_close_time,338.0,3049,4
set_3500_time,0.0,17,3
set_3_2_eq,1.0,294,2
set_4000_close_time,500.0,3464,3
set_4000_time,0.0,32,4
set_4500_close_time,443.0,3811,3
set_4500_time,72.5,30,4
set_4_2_eq,22.5,285,2
set_5000_close_time,501.5,4288,4
set_5000_time,1.0,36,5
set_500_close_time,45.5,504,3
set_500_time,7.0,5,2
set_5_3_2_eq,1.0,14,2
set_6000_time,9.0,49,4
set_6000_time_close,588.5,5192,5
set_6_3_2_eq,2.0,295,2
set_7000_time,0.0,60,5
set_7000_time_close,515.0,6076,5
set_7_3_2_eq,4.600180710353646,410,2
set_8000_time,19.0,63,5
set_8000_time_close,875.0,6840,5
set_8_3_2_eq,20.308481516778432,314,2
set_9000_time,0.0,95,6
set_9000_time_close,1125.0,7579,6
set_9_3_3_eq,2.0,13,2
results_50_binary
set_10000_time,0.0,94,36
set_10000_time_close,988.0,19010,7
set_1000_close_time,74.0,2119,3
set_1000_time,1.0,16,12
set_10_3_3_eq,11.749787337807703,986,2
set_11_3_3_eq,21.87318825833969,845,2
set_12_3_3_eq,72.5,772,2
set_13_8_rand,103.5,2470,3
set_14_8_rand,159.5,2400,3
set_1500_close_time,184.23594884355154,3081,3
set_1500_time,0.0,27,3
set_15_8_rand,93.02258691889384,2467,3
set_16_8_rand,164.78103037880712,2420,3
set_17_8_rand,11.546416703622247,2407,17
set_18_8_rand,64.5,2403,3
set_19_8_rand,51.5,2425,3
set_1_2_eq,0.0,5,2
set_2000_close_time,197.5,3833,3
set_2000_time,43.0,30,3
set_20_8_rand,32.5,2523,3
set_2500_close_time,237.5,4887,14
set_2500_time,0.0,43,4
set_2_2_eq,0.0,9,3
set_3000_close_time,293.0,5790,4
set_3000_time,0.0,56,3
set_3500_close_time,297.5,7207,4
set_3500_time,282.5,56,3
set_3_2_eq,1.5581692617544127,721,2
set_4000_close_time,428.5,7501,4
set_4000_time,249.5,60,5
set_4500_close_time,437.0,8473,4
set_4500_time,1.0,95,4
set_4_2_eq,18.0,611,2
set_5000_close_time,495.0,9599,5
set_5000_time,600.5,64,4
set_500_close_time,45.5,1132,3
set_500_time,0.0,8,2
set_5_3_2_eq,1.0,34,2
set_6000_time,368.5,91,13
set_6000_time_close,411.0,11345,5
set_6_3_2_eq,3.0145684380529865,196,2
set_7000_time,140.5,90,5
set_7000_time_close,567.0,13550,5
set_7_3_2_eq,5.770826530364337,880,3
set_8000_time,20.5,141,6
set_8000_time_close,1000.0,15688,16
set_8_3_2_eq,31.53805454017006,776,2
set_9000_time,239.0,174,6
set_9000_time_close,658.0,17274,6
set_9_3_3_eq,1.5,26,2
results_10-10_binary
set_10000_time,1250.0,10671,20
set_10000_time_close,1301.0,11020,7
set_1000_close_time,129.0,1058,2
set_1000_time,125.0,1082,2
set_10_3_3_eq,52.0,343,2
set_11_3_3_eq,60.5,342,3
set_12_3_3_eq,47.0,345,2
set_13_8_rand,185.0,1067,7
set_14_8_rand,324.0,1031,3
set_1500_close_time,188.0,1618,3
set_1500_time,184.0,1603,3
set_15_8_rand,100.0,1063,2
set_16_8_rand,174.0,1036,3
set_17_8_rand,247.0,1036,2
set_18_8_rand,100.0,1064,3
set_19_8_rand,100.0,1048,3
set_1_2_eq,0.0,186,2
set_2000_close_time,250.0,2158,3
set_2000_time,4.0,1954,14
set_20_8_rand,100.0,1039,2
set_2500_close_time,312.5,2644,4
set_2500_time,312.5,2638,3
set_2_2_eq,1.0,107,2
set_3000_close_time,373.0,3169,4
set_3000_time,375.0,3167,3
set_3500_close_time,441.0,3729,4
set_3500_time,420.0,3791,3
set_3_2_eq,1.0,289,2
set_4000_close_time,500.0,4554,4
set_4000_time,501.0,4397,4
set_4500_close_time,544.0,4840,4
set_4500_time,553.0,4905,4
set_4_2_eq,23.0,287,2
set_5000_close_time,628.0,5248,4
set_5000_time,604.0,5267,4
set_500_close_time,67.0,534,3
set_500_time,62.5,611,2
set_5_3_2_eq,37.5,346,3
set_6000_time,750.0,6303,5
set_6000_time_close,776.0,6483,5
set_6_3_2_eq,50.0,335,2
set_7000_time,15.0,5485,5
set_7000_time_close,870.0,7660,6
set_7_3_2_eq,50.0,338,3
set_8000_time,981.0,8672,6
set_8000_time_close,998.0,8688,5
set_8_3_2_eq,46.0,389,2
set_9000_time,1125.0,9501,6
set_9000_time_close,1141.0,9495,6
set_9_3_3_eq,37.5,348,2
results__one_of
set_10000_time,588.5245490589696,2,5
set_10000_time_close,357.7763314115176,1082,4
set_1000_close_time,39.00606247036421,120,2
set_1000_time,10.00696852667838,1,2
set_10_3_3_eq,2.322821631985169,49,2
set_11_3_3_eq,15.369705183665891,50,2
set_12_3_3_eq,23.692802052784998,49,2
set_13_8_rand,56.336981646954065,133,3
set_14_8_rand,19.123894985264247,131,2
set_1500_close_time,50.40681989870696,189,2
set_1500_time,13.307180939751671,1,2
set_15_8_rand,79.84821393171778,129,2
set_16_8_rand,24.5,129,2
set_17_8_rand,18.85392024037507,139,2
set_18_8_rand,40.505467105757596,126,2
set_19_8_rand,23.21706448343404,120,2
set_1_2_eq,0.0,0,2
set_2000_close_time,75.61673133120252,252,3
set_2000_time,1.5540346810471508,1,2
set_20_8_rand,8.046514481975642,129,3
set_2500_close_time,91.5,312,4
set_2500_time,0.0,2,2
set_2_2_eq,1.7008901628803412,0,2
set_3000_close_time,112.1970101678673,367,3
set_3000_time,19.805598169080618,1,25
set_3500_close_time,130.58046102972395,411,3
set_3500_time,0.0,2,3
set_3_2_eq,0.21101953509564408,32,2
set_4000_close_time,148.34889424404253,491,3
set_4000_time,62.565022383105166,2,3
set_4500_close_time,180.42718694010395,555,3
set_4500_time,159.65221546855906,2,3
set_4_2_eq,9.566496113301927,28,3
set_5000_close_time,188.4625793889525,534,4
set_5000_time,65.07475453352929,2,4
set_500_close_time,17.57314802627331,64,2
set_500_time,0.0,0,2
set_5_3_2_eq,0.5,0,2
set_6000_time,215.70052753283485,2,4
set_6000_time_close,214.3806460264941,728,4
set_6_3_2_eq,2.202839374121909,48,2
set_7000_time,98.4109065110301,2,4
set_7000_time_close,255.5,872,4
set_7_3_2_eq,1.7590956447328694,47,2
set_8000_time,128.50820271535883,4,7
set_8000_time_close,284.24825684572374,981,4
set_8_3_2_eq,8.53699402434951,48,2
set_9000_time,388.69174345312314,4,5
set_9000_time_close,335.87071634983096,1127,4
set_9_3_3_eq,1.5,1,2
results_10_one_of
set_10000_time,658.5,4633,5
set_10000_time_close,650.5,4266,5
set_1000_close_time,64.5,439,3
set_1000_time,62.0,448,3
set_10_3_3_eq,38.05683540385894,161,2
set_11_3_3_eq,39.5,165,2
set_12_3_3_eq,47.5,167,1
set_13_8_rand,36.5,431,3
set_14_8_rand,81.0,447,3
set_1500_close_time,93.5,680,3
set_1500_time,92.0,14,3
set_15_8_rand,42.0,436,2
set_16_8_rand,117.5,442,3
set_17_8_rand,12.5,512,3
set_18_8_rand,32.0,508,2
set_19_8_rand,35.5,433,16
set_1_2_eq,11.0,1,3
set_2000_close_time,118.5,923,3
set_2000_time,2.5,17,3
set_20_8_rand,28.0,444,3
set_2500_close_time,85.0,1124,3
set_2500_time,151.0,1111,3
set_2_2_eq,0.0,10,2
set_3000_close_time,188.5,1371,3
set_3000_time,109.1353985568957,1336,3
set_3500_close_time,220.5,1604,3
set_3500_time,210.0,1551,3
set_3_2_eq,0.5,125,2
set_4000_close_time,250.0,1854,4
set_4000_time,250.5,1824,3
set_4500_close_time,272.0,2087,4
set_4500_time,286.0,1990,3
set_4_2_eq,7.5,118,2
set_5000_close_time,311.0,2251,3
set_5000_time,302.0,2258,5
set_500_close_time,33.5,226,2
set_500_time,1.0,3,2
set_5_3_2_eq,26.5,163,3
set_6000_time,381.5,2773,4
set_6000_time_close,362.0,2751,4
set_6_3_2_eq,51.0,153,2
set_7000_time,431.0,3136,4
set_7000_time_close,435.0,3180,4
set_7_3_2_eq,51.0,159,2
set_8000_time,509.5,3638,5
set_8000_time_close,499.0,3634,6
set_8_3_2_eq,32.0,167,2
set_9000_time,561.0,2129,5
set_9000_time_close,570.5,4066,5
set_9_3_3_eq,26.5,157,2
results_20_one_of
set_10000_time,658.5,7256,5
set_10000_time_close,357.5,7447,5
set_1000_close_time,36.0,822,2
set_1000_time,63.0,12,3
set_10_3_3_eq,33.53232365008195,269,2
set_11_3_3_eq,35.5,277,2
set_12_3_3_eq,38.0,270,2
set_13_8_rand,36.5,739,3
set_14_8_rand,60.0,786,2
set_1500_close_time,94.0,1130,3
set_1500_time,92.0,1147,4
set_15_8_rand,107.94560565762487,801,3
set_16_8_rand,107.5,769,2
set_17_8_rand,29.5,850,3
set_18_8_rand,32.5,878,3
set_19_8_rand,35.5,733,3
set_1_2_eq,0.0,2,2
set_2000_close_time,131.5,1624,3
set_2000_time,4.0,18,18
set_20_8_rand,82.17145259859076,747,2
set_2500_close_time,162.0,1895,3
set_2500_time,151.0,1872,3
set_2_2_eq,0.0,4,3
set_3000_close_time,188.5,2251,4
set_3000_time,21.5,452,3
set_3500_close_time,220.5,2630,3
set_3500_time,227.5,26,3
set_3_2_eq,0.5,279,2
set_4000_close_time,250.0,2990,4
set_4000_time,249.5,2264,3
set_4500_close_time,272.0,3464,4
set_4500_time,286.0,3414,4
set_4_2_eq,9.0,245,3
set_5000_close_time,314.0,3604,4
set_5000_time,323.0,3835,4
set_500_close_time,29.0,382,3
set_500_time,0.0,4,2
set_5_3_2_eq,26.5,274,2
set_6000_time,381.5,4669,4
set_6000_time_close,388.0,4532,4
set_6_3_2_eq,50.0,278,2
set_7000_time,444.0,5318,5
set_7000_time_close,435.0,5349,4
set_7_3_2_eq,21.5,275,3
set_8000_time,509.5,6238,5
set_8000_time_close,501.0,5898,4
set_8_3_2_eq,31.5,315,2
set_9000_time,561.0,6808,5
set_9000_time_close,570.5,6496,6
set_9_3_3_eq,26.5,274,2
results_50_one_of
set_10000_time,658.5,16125,7
set_10000_time_close,650.5,16451,6
set_1000_close_time,64.5,1776,2
set_1000_time,1.7542896080715982,15,2
set_10_3_3_eq,22.0,582,2
set_11_3_3_eq,26.0,618,2
set_12_3_3_eq,35.0,665,2
set_13_8_rand,40.5,1745,3
set_14_8_rand,34.5,1740,3
set_1500_close_time,94.0,2583,3
set_1500_time,95.5,2504,2
set_15_8_rand,172.0,1797,3
set_16_8_rand,36.5,1633,2
set_17_8_rand,36.0,1827,3
set_18_8_rand,15.588152173992258,2094,3
set_19_8_rand,35.5,1697,2
set_1_2_eq,0.0,1,2
set_2000_close_time,118.5,3426,3
set_2000_time,1.0,45,4
set_20_8_rand,34.5,1666,2
set_2500_close_time,150.5,4312,4
set_2500_time,0.0,44,3
set_2_2_eq,1.5125071237476835,4,3
set_3000_close_time,113.0,5118,4
set_3000_time,186.5,53,3
set_3500_close_time,217.0,5870,3
set_3500_time,227.5,185,3
set_3_2_eq,0.7146997300167507,656,2
set_4000_close_time,145.5,6776,4
set_4000_time,0.0,620,5
set_4500_close_time,290.5,7611,4
set_4500_time,0.5,228,4
set_4_2_eq,9.0,599,2
set_5000_close_time,311.0,8284,5
set_5000_time,302.0,8432,5
set_500_close_time,17.5,1000,3
set_500_time,32.5,30,2
set_5_3_2_eq,48.5,623,3
set_6000_time,0.0,212,5
set_6000_time_close,388.0,9811,5
set_6_3_2_eq,25.5,628,3
set_7000_time,431.0,127,6
set_7000_time_close,435.0,11642,5
set_7_3_2_eq,29.5,615,2
set_8000_time,509.5,13232,6
set_8000_time_close,499.0,13118,5
set_8_3_2_eq,16.5,622,3
set_9000_time,564.0,14852,6
set_9000_time_close,570.5,14886,6
set_9_3_3_eq,18.0,636,2
results_10-10_one_of
set_10000_time,591.5,10145,6
set_10000_time_close,599.5,9823,5
set_1000_close_time,64.5,991,3
set_1000_time,63.0,990,3
set_10_3_3_eq,53.0,360,3
set_11_3_3_eq,35.5,391,2
set_12_3_3_eq,27.5,389,3
set_13_8_rand,38.26780213006355,902,2
set_14_8_rand,186.0,893,3
set_1500_close_time,93.5,1513,3
set_1500_time,0.0,869,3
set_15_8_rand,112.0,878,3
set_16_8_rand,36.5,887,3
set_17_8_rand,116.0,935,2
set_18_8_rand,41.5,913,3
set_19_8_rand,184.5,900,2
set_1_2_eq,1.4759091072951038,9,2
set_2000_close_time,118.5,2006,3
set_2000_time,131.5,1981,3
set_20_8_rand,35.0,873,3
set_2500_close_time,162.0,2501,3
set_2500_time,151.0,2492,3
set_2_2_eq,0.0,14,2
set_3000_close_time,188.5,2993,3
set_3000_time,186.5,2991,4
set_3500_close_time,220.5,3511,3
set_3500_time,210.0,3461,3
set_3_2_eq,1.733649103143946,280,3
set_4000_close_time,250.0,4398,4
set_4000_time,250.5,3966,4
set_4500_close_time,272.0,4377,3
set_4500_time,276.5,4369,4
set_4_2_eq,13.5,226,3
set_5000_close_time,314.0,4877,4
set_5000_time,323.0,5051,4
set_500_close_time,29.0,584,3
set_500_time,1.5,58,2
set_5_3_2_eq,37.0,385,2
set_6000_time,368.5,6103,4
set_6000_time_close,362.0,5903,4
set_6_3_2_eq,36.5,369,2
set_7000_time,431.0,7003,4
set_7000_time_close,440.0,6959,4
set_7_3_2_eq,36.5,367,2
set_8000_time,509.5,7927,5
set_8000_time_close,499.0,7838,5
set_8_3_2_eq,23.0,390,2
set_9000_time,561.0,8831,6
set_9000_time_close,570.5,8746,5
set_9_3_3_eq,26.5,383,2
