results__binary
set_10000_time,2.0,38,21
set_10000_time_close,725.294800435182,692,16
set_1000_close_time,79.37235310056084,86,3
set_1000_time,0.5,1,5
set_10_3_3_eq,10.69977965000896,47,3
set_11_3_3_eq,16.425573668649406,31,3
set_12_3_3_eq,44.61890800326364,30,2
set_13_8_rand,85.24877110028886,101,3
set_14_8_rand,154.62996267302927,102,2
set_1500_close_time,116.8251637441095,106,2
set_1500_time,0.0,1,2
set_15_8_rand,72.52325534814968,102,3
set_16_8_rand,113.26675235219282,99,2
set_17_8_rand,79.08821351628772,95,3
set_18_8_rand,74.60308386127639,92,3
set_19_8_rand,58.18770622086603,103,3
set_1_2_eq,2.3988696365860647,0,2
set_2000_close_time,150.91450652667393,136,2
set_2000_time,1.0,1,2
set_20_8_rand,63.15057079891582,101,3
set_2500_close_time,166.41146066182085,174,3
set_2500_time,0.0,2,2
set_2_2_eq,0.6253518622742925,1,2
set_3000_close_time,228.04374090174426,207,20
set_3000_time,16.75690058608385,1,3
set_3500_close_time,260.66876472195236,244,4
set_3500_time,0.0,3,4
set_3_2_eq,0.2494528361252027,18,2
set_4000_close_time,293.2102924580407,279,3
set_4000_time,1.0,3,3
set_4500_close_time,361.62035213510524,297,4
set_4500_time,112.66149507625754,2,4
set_4_2_eq,14.932903199941629,18,2
set_5000_close_time,383.08818388103754,325,4
set_5000_time,122.5000715748332,3,3
set_500_close_time,31.44466438319816,33,3
set_500_time,0.0,0,3
set_5_3_2_eq,0.5085672864401816,0,2
set_6000_time,17.5,3,4
set_6000_time_close,429.06618177604787,418,4
set_6_3_2_eq,2.670494510600983,24,2
set_7000_time,772.8871094730223,2,4
set_7000_time_close,510.91700236589537,397,4
set_7_3_2_eq,3.6908248901773826,25,2
set_8000_time,0.5,6,4
set_8000_time_close,568.1161851159814,526,5
set_8_3_2_eq,19.297865589263825,25,2
set_9000_time,1.0,6,5
set_9000_time_close,671.5414226542757,598,4
set_9_3_3_eq,1.7066524392309066,1,2
results__one_of
set_10000_time,1.0,5,4
set_10000_time_close,353.3157007622819,526,5
set_1000_close_time,35.0,62,2
set_1000_time,10.119467960773305,0,2
set_10_3_3_eq,4.780881634655687,22,2
set_11_3_3_eq,15.172517006420405,21,2
set_12_3_3_eq,23.380212557206523,21,2
set_13_8_rand,17.0,61,3
set_14_8_rand,19.60488709352733,60,3
set_1500_close_time,58.5,85,3
set_1500_time,14.56830852422302,0,3
set_15_8_rand,29.271561952997367,58,3
set_16_8_rand,39.25962130600638,58,3
set_17_8_rand,18.08892670639336,59,2
set_18_8_rand,34.58840575217457,58,3
set_19_8_rand,49.97133293431537,59,2
set_1_2_eq,0.0,1,1
set_2000_close_time,77.0,120,3
set_2000_time,0.0,1,2
set_20_8_rand,8.73158475186369,73,2
set_2500_close_time,83.26145498697544,150,2
set_2500_time,0.0,1,3
set_2_2_eq,0.1136267991332423,0,2
set_3000_close_time,112.82743606329797,180,3
set_3000_time,21.02875163584226,2,3
set_3500_close_time,130.55040793358575,202,4
set_3500_time,0.0,2,4
set_3_2_eq,0.24553779161692893,14,2
set_4000_close_time,146.57203077589065,229,4
set_4000_time,62.30375520499103,1,3
set_4500_close_time,166.59293792965363,261,4
set_4500_time,80.98895895387146,2,3
set_4_2_eq,7.361574431326589,13,2
set_5000_close_time,184.07354957637958,286,4
set_5000_time,10.218543442195589,2,3
set_500_close_time,13.36681822473331,28,3
set_500_time,0.0,1,2
set_5_3_2_eq,0.5,0,2
set_6000_time,0.0,4,17
set_6000_time_close,214.36077470439966,342,4
set_6_3_2_eq,1.7166273304051385,22,2
set_7000_time,89.3356477573251,2,5
set_7000_time_close,266.63655162038583,400,4
set_7_3_2_eq,1.9020523437032675,23,2
set_8000_time,0.5,5,4
set_8000_time_close,283.86881402402173,455,4
set_8_3_2_eq,8.55322558576375,22,2
set_9000_time,392.2492160328689,3,5
set_9000_time_close,335.8613050384183,515,5
set_9_3_3_eq,1.7399680930414585,1,2
results_10_binary
set_10000_time,6.0,78,5
set_10000_time_close,1008.0,2565,5
set_1000_close_time,99.5,277,3
set_1000_time,0.0,7,2
set_10_3_3_eq,12.43481313740252,119,2
set_11_3_3_eq,21.60719219726031,117,2
set_12_3_3_eq,47.0,106,2
set_13_8_rand,117.0,305,2
set_14_8_rand,293.0,302,3
set_1500_close_time,123.0,418,2
set_1500_time,0.0,11,2
set_15_8_rand,124.04581294787502,314,3
set_16_8_rand,100.0,303,3
set_17_8_rand,76.0,308,3
set_18_8_rand,124.0,304,3
set_19_8_rand,143.5,300,3
set_1_2_eq,1.3806394621571412,1,2
set_2000_close_time,250.0,538,3
set_2000_time,12.0,16,4
set_20_8_rand,120.5,307,2
set_2500_close_time,240.5,653,3
set_2500_time,0.0,15,3
set_2_2_eq,5.0,1,2
set_3000_close_time,297.5,793,3
set_3000_time,187.0,15,3
set_3500_close_time,383.0,931,3
set_3500_time,210.0,17,4
set_3_2_eq,1.0,94,2
set_4000_close_time,311.0,1083,4
set_4000_time,0.0,23,4
set_4500_close_time,444.5,1160,4
set_4500_time,5.0,29,4
set_4_2_eq,22.5,84,3
set_5000_close_time,496.0,1282,4
set_5000_time,351.5,25,4
set_500_close_time,45.5,159,2
set_500_time,32.5,3,2
set_5_3_2_eq,1.2012913437187946,10,2
set_6000_time,0.5,33,4
set_6000_time_close,422.0,1530,5
set_6_3_2_eq,3.0,109,3
set_7000_time,98.5,33,5
set_7000_time_close,588.7827885248255,1778,6
set_7_3_2_eq,5.146583297162117,105,3
set_8000_time,0.0,55,5
set_8000_time_close,779.0,2035,5
set_8_3_2_eq,25.0,96,2
set_9000_time,1128.0,30,5
set_9000_time_close,893.5,2281,5
set_9_3_3_eq,2.4032319072503725,12,2
results_10_one_of
set_10000_time,591.5,2268,6
set_10000_time_close,599.5,2247,6
set_1000_close_time,60.5,223,3
set_1000_time,4.5210492134706834,6,3
set_10_3_3_eq,36.5,79,3
set_11_3_3_eq,26.0,79,2
set_12_3_3_eq,38.0,80,2
set_13_8_rand,105.5,213,3
set_14_8_rand,35.0,232,3
set_1500_close_time,94.0,341,2
set_1500_time,92.0,336,2
set_15_8_rand,99.5,224,3
set_16_8_rand,36.5,218,2
set_17_8_rand,33.0,234,3
set_18_8_rand,50.5,246,3
set_19_8_rand,35.5,215,3
set_1_2_eq,14.0,2,2
set_2000_close_time,118.5,456,3
set_2000_time,131.5,451,3
set_20_8_rand,29.5,218,2
set_2500_close_time,114.0,581,3
set_2500_time,151.0,558,3
set_2_2_eq,0.0,11,2
set_3000_close_time,186.5,669,3
set_3000_time,186.5,731,3
set_3500_close_time,220.5,822,3
set_3500_time,227.5,832,4
set_3_2_eq,0.9554101168729295,76,2
set_4000_close_time,250.0,918,3
set_4000_time,250.5,905,3
set_4500_close_time,290.5,1064,3
set_4500_time,276.5,981,3
set_4_2_eq,9.0,70,3
set_5000_close_time,314.0,1144,4
set_5000_time,29.0,37,4
set_500_close_time,29.0,120,3
set_500_time,30.0,116,3
set_5_3_2_eq,48.5,79,3
set_6000_time,381.5,1404,4
set_6000_time_close,388.0,1357,5
set_6_3_2_eq,24.0,82,2
set_7000_time,2.5,590,5
set_7000_time_close,435.0,1599,4
set_7_3_2_eq,24.0,85,3
set_8000_time,490.5,1832,5
set_8000_time_close,501.0,1839,5
set_8_3_2_eq,34.5,83,2
set_9000_time,564.0,2012,5
set_9000_time_close,554.5,1946,5
set_9_3_3_eq,34.0,80,2
results_20_binary
set_10000_time,6.0,108,6
set_10000_time_close,985.0,4222,6
set_1000_close_time,98.0,488,3
set_1000_time,0.5,10,2
set_10_3_3_eq,33.02075771003298,213,2
set_11_3_3_eq,23.011259874767166,190,2
set_12_3_3_eq,50.5,185,3
set_13_8_rand,118.0,539,2
set_14_8_rand,227.57108397083474,530,3
set_1500_close_time,154.0,693,3
set_1500_time,6.0,10,3
set_15_8_rand,104.33469643754499,545,3
set_16_8_rand,77.34780658929094,525,3
set_17_8_rand,59.96347555356783,525,3
set_18_8_rand,196.0,567,12
set_19_8_rand,103.5,555,3
set_1_2_eq,14.0,2,2
set_2000_close_time,209.5,895,3
set_2000_time,0.0,19,4
set_20_8_rand,42.0,528,3
set_2500_close_time,186.5,1134,3
set_2500_time,0.0,11,3
set_2_2_eq,0.0,2,2
set_3000_close_time,301.5,1321,3
set_3000_time,0.0,19,3
set_3500_close_time,338.5,1584,3
set_3500_time,0.0,25,3
set_3_2_eq,0.5262525352252584,167,3
set_4000_close_time,383.5,1751,4
set_4000_time,1.0,33,3
set_4500_close_time,405.5,2026,4
set_4500_time,287.5,25,4
set_4_2_eq,22.5,150,3
set_5000_close_time,447.49948749901046,2128,4
set_5000_time,646.0,26,4
set_500_close_time,35.0,263,3
set_500_time,0.0,5,3
set_5_3_2_eq,27.0,9,2
set_6000_time,2.0,50,4
set_6000_time_close,444.0,2584,4
set_6_3_2_eq,3.0,101,3
set_7000_time,22.0,58,5
set_7000_time_close,613.0,3020,6
set_7_3_2_eq,9.0,190,3
set_8000_time,1019.0,112,5
set_8000_time_close,770.0,3433,5
set_8_3_2_eq,23.34731918900812,197,2
set_9000_time,172.0,72,5
set_9000_time_close,863.5,3930,6
set_9_3_3_eq,2.0,13,2
results_20_one_of
set_10000_time,591.5,3799,6
set_10000_time_close,650.5,3638,6
set_1000_close_time,64.5,381,3
set_1000_time,62.0,373,3
set_10_3_3_eq,22.0,140,3
set_11_3_3_eq,26.0,140,3
set_12_3_3_eq,27.5,142,3
set_13_8_rand,36.5,377,2
set_14_8_rand,34.0,409,3
set_1500_close_time,94.0,575,4
set_1500_time,95.5,52,3
set_15_8_rand,103.5,378,3
set_16_8_rand,36.5,368,3
set_17_8_rand,40.0,420,3
set_18_8_rand,38.88408861965648,455,3
set_19_8_rand,35.5,378,2
set_1_2_eq,9.711097338698483,2,2
set_2000_close_time,118.5,760,2
set_2000_time,131.5,14,3
set_20_8_rand,35.0,368,2
set_2500_close_time,162.0,946,3
set_2500_time,151.0,922,3
set_2_2_eq,0.015545121096689018,4,2
set_3000_close_time,186.5,1131,3
set_3000_time,0.0,233,3
set_3500_close_time,217.0,1309,3
set_3500_time,227.5,1308,4
set_3_2_eq,0.5,134,3
set_4000_close_time,250.0,1483,4
set_4000_time,250.5,1491,4
set_4500_close_time,272.0,1641,4
set_4500_time,276.5,1709,3
set_4_2_eq,9.0,152,3
set_5000_close_time,314.0,1927,4
set_5000_time,0.0,378,4
set_500_close_time,29.0,212,3
set_500_time,32.5,4,2
set_5_3_2_eq,22.0,142,3
set_6000_time,381.5,2212,4
set_6000_time_close,388.0,2205,5
set_6_3_2_eq,38.0,132,3
set_7000_time,431.0,2594,5
set_7000_time_close,440.0,2579,4
set_7_3_2_eq,18.0,143,3
set_8000_time,490.5,2931,5
set_8000_time_close,499.0,2932,5
set_8_3_2_eq,31.5,159,3
set_9000_time,561.0,3309,6
set_9000_time_close,554.5,3324,6
set_9_3_3_eq,47.5,135,2
results_50_binary
set_10000_time,0.0,94,7
set_10000_time_close,1012.5,9507,6
set_1000_close_time,99.5,1087,3
set_1000_time,0.5,25,2
set_10_3_3_eq,8.0,472,2
set_11_3_3_eq,18.029273743125046,434,2
set_12_3_3_eq,45.0,410,2
set_13_8_rand,100.5,1233,3
set_14_8_rand,105.14430068847992,1215,4
set_1500_close_time,150.5,1528,3
set_1500_time,0.0,24,3
set_15_8_rand,129.9397162231572,1248,3
set_16_8_rand,74.43329035784159,1232,4
set_17_8_rand,63.5,1188,3
set_18_8_rand,87.5,1191,3
set_19_8_rand,62.80096049833804,1267,4
set_1_2_eq,4.5,4,2
set_2000_close_time,192.5,1931,3
set_2000_time,0.0,33,3
set_20_8_rand,35.5,1274,3
set_2500_close_time,178.3462571608779,2498,4
set_2500_time,0.0,39,3
set_2_2_eq,3.0,6,3
set_3000_close_time,222.0,2895,4
set_3000_time,85.98571052977081,54,4
set_3500_close_time,338.0,3462,4
set_3500_time,0.0,35,4
set_3_2_eq,1.3262436942490654,369,3
set_4000_close_time,348.0,3848,5
set_4000_time,2.5,87,4
set_4500_close_time,427.5,4374,5
set_4500_time,286.0,73,5
set_4_2_eq,18.0,349,2
set_5000_close_time,510.5,4822,4
set_5000_time,0.0,95,5
set_500_close_time,44.0,562,2
set_500_time,32.5,10,3
set_5_3_2_eq,1.5,23,2
set_6000_time,10.0,122,6
set_6000_time_close,488.5,5761,6
set_6_3_2_eq,3.8678029976018617,73,3
set_7000_time,467.5,137,6
set_7000_time_close,684.5,6669,6
set_7_3_2_eq,3.072257690098507,406,3
set_8000_time,545.5,128,6
set_8000_time_close,815.5,7661,7
set_8_3_2_eq,21.877692859615195,396,3
set_9000_time,0.0,181,6
set_9000_time_close,861.0,8530,7
set_9_3_3_eq,2.0,29,3
results_50_one_of
set_10000_time,591.5,8210,7
set_10000_time_close,650.5,8244,6
set_1000_close_time,64.5,927,3
set_1000_time,63.0,660,3
set_10_3_3_eq,36.0,322,2
set_11_3_3_eq,26.0,348,3
set_12_3_3_eq,23.076809827045153,330,2
set_13_8_rand,101.5,881,2
set_14_8_rand,19.5,918,3
set_1500_close_time,93.5,1370,3
set_1500_time,76.0,25,3
set_15_8_rand,100.5,924,3
set_16_8_rand,36.5,832,2
set_17_8_rand,27.5,1013,2
set_18_8_rand,22.518645617792217,1063,3
set_19_8_rand,35.5,857,3
set_1_2_eq,0.008231630170377284,1,2
set_2000_close_time,131.5,1765,4
set_2000_time,131.5,242,3
set_20_8_rand,92.29763809100349,843,3
set_2500_close_time,150.5,2095,3
set_2500_time,0.0,55,3
set_2_2_eq,1.0089962737106448,5,2
set_3000_close_time,188.5,2520,4
set_3000_time,188.5,2459,4
set_3500_close_time,217.0,3001,4
set_3500_time,1.5,59,4
set_3_2_eq,0.0,336,3
set_4000_close_time,146.5,3340,4
set_4000_time,0.0,111,4
set_4500_close_time,272.0,3746,5
set_4500_time,0.5,127,5
set_4_2_eq,10.0,336,3
set_5000_close_time,314.0,4092,4
set_5000_time,0.0,101,4
set_500_close_time,17.0,519,2
set_500_time,0.0,12,2
set_5_3_2_eq,26.5,306,3
set_6000_time,368.5,4919,5
set_6000_time_close,388.0,4961,6
set_6_3_2_eq,22.5,317,3
set_7000_time,2.5,364,5
set_7000_time_close,435.0,6232,5
set_7_3_2_eq,15.0,392,3
set_8000_time,509.5,2979,6
set_8000_time_close,501.0,6929,5
set_8_3_2_eq,18.0,325,3
set_9000_time,564.0,7502,6
set_9000_time_close,554.5,7469,6
set_9_3_3_eq,18.0,306,3
results_10-10_binary
set_10000_time,1250.0,5319,6
set_10000_time_close,1250.0,5410,6
set_1000_close_time,125.0,534,3
set_1000_time,125.0,546,3
set_10_3_3_eq,31.214093569424918,170,2
set_11_3_3_eq,65.5,180,3
set_12_3_3_eq,37.5,178,2
set_13_8_rand,100.0,548,2
set_14_8_rand,242.0,523,2
set_1500_close_time,188.0,837,4
set_1500_time,184.0,825,3
set_15_8_rand,173.0,525,2
set_16_8_rand,100.0,522,3
set_17_8_rand,250.0,537,3
set_18_8_rand,250.0,534,3
set_19_8_rand,100.0,525,3
set_1_2_eq,25.0,150,2
set_2000_close_time,237.0,1108,3
set_2000_time,237.0,1063,3
set_20_8_rand,171.0,527,2
set_2500_close_time,324.0,1351,3
set_2500_time,323.0,1333,3
set_2_2_eq,29.0,143,2
set_3000_close_time,375.0,1607,3
set_3000_time,375.0,1605,4
set_3500_close_time,437.5,1876,3
set_3500_time,455.0,1855,4
set_3_2_eq,0.0,143,3
set_4000_close_time,500.0,2322,4
set_4000_time,501.0,2171,4
set_4500_close_time,562.5,2383,4
set_4500_time,553.0,2344,4
set_4_2_eq,23.0,145,3
set_5000_close_time,625.0,2616,5
set_5000_time,646.0,2609,4
set_500_close_time,62.5,268,3
set_500_time,65.0,287,3
set_5_3_2_eq,53.0,169,3
set_6000_time,763.0,3293,5
set_6000_time_close,776.0,3151,4
set_6_3_2_eq,37.5,169,3
set_7000_time,862.0,3753,5
set_7000_time_close,870.0,3689,6
set_7_3_2_eq,37.5,169,2
set_8000_time,981.0,4222,6
set_8000_time_close,1002.0,4344,5
set_8_3_2_eq,56.0,172,3
set_9000_time,1125.0,4810,6
set_9000_time_close,1109.0,4702,6
set_9_3_3_eq,52.0,169,3
results_10-10_one_of
set_10000_time,658.5,4999,5
set_10000_time_close,599.5,4912,5
set_1000_close_time,64.5,496,3
set_1000_time,63.0,497,3
set_10_3_3_eq,38.5,189,2
set_11_3_3_eq,35.5,189,2
set_12_3_3_eq,27.5,198,2
set_13_8_rand,36.5,439,3
set_14_8_rand,34.0,438,3
set_1500_close_time,93.5,759,3
set_1500_time,95.5,767,3
set_15_8_rand,42.0,462,3
set_16_8_rand,117.5,445,3
set_17_8_rand,40.0,441,3
set_18_8_rand,112.5,445,3
set_19_8_rand,35.5,436,3
set_1_2_eq,0.0,3,2
set_2000_close_time,131.5,1020,3
set_2000_time,118.5,999,4
set_20_8_rand,35.0,448,3
set_2500_close_time,150.5,1241,3
set_2500_time,161.5,1247,3
set_2_2_eq,0.0,28,3
set_3000_close_time,186.5,1495,3
set_3000_time,188.5,1512,3
set_3500_close_time,217.0,1742,3
set_3500_time,227.5,1905,3
set_3_2_eq,10.5,149,3
set_4000_close_time,250.0,2200,4
set_4000_time,250.5,2002,4
set_4500_close_time,272.0,2265,4
set_4500_time,276.5,2251,3
set_4_2_eq,13.5,146,2
set_5000_close_time,314.0,2501,4
set_5000_time,323.0,2497,4
set_500_close_time,29.0,337,3
set_500_time,32.5,253,2
set_5_3_2_eq,26.5,198,3
set_6000_time,381.5,2956,4
set_6000_time_close,362.0,3010,5
set_6_3_2_eq,24.0,181,3
set_7000_time,431.0,3482,5
set_7000_time_close,440.0,3498,5
set_7_3_2_eq,38.5,193,2
set_8000_time,509.5,3991,5
set_8000_time_close,501.0,3991,5
set_8_3_2_eq,41.5,194,3
set_9000_time,564.0,4487,6
set_9000_time_close,554.5,4524,7
set_9_3_3_eq,41.0,188,2
