results__binary
set_10000_time,2.0,46,51
set_10000_time_close,729.2605291678641,738,26
set_1000_close_time,70.53586888311236,98,4
set_1000_time,0.017501100784561355,1,7
set_10_3_3_eq,18.39342912259869,41,2
set_11_3_3_eq,20.648839666220876,31,3
set_12_3_3_eq,38.42378156323885,30,2
set_13_8_rand,81.13841185370495,101,3
set_14_8_rand,84.27167021109757,102,3
set_1500_close_time,105.04896536430934,109,3
set_1500_time,0.0,1,2
set_15_8_rand,105.44894294132989,99,3
set_16_8_rand,113.96863196270023,102,15
set_17_8_rand,62.710918230163294,112,3
set_18_8_rand,78.39248370778984,119,2
set_19_8_rand,60.23070854505238,112,2
set_1_2_eq,0.0,0,2
set_2000_close_time,156.66460415957008,142,17
set_2000_time,0.0,1,2
set_20_8_rand,55.07345549510958,98,3
set_2500_close_time,167.28925899823557,169,3
set_2500_time,0.0,2,3
set_2_2_eq,0.3190773668947694,0,2
set_3000_close_time,228.4504881589659,227,4
set_3000_time,21.53470318612605,2,3
set_3500_close_time,260.48334090381945,279,3
set_3500_time,105.16893196455548,2,3
set_3_2_eq,0.285659659040521,23,2
set_4000_close_time,294.58397689111723,654,3
set_4000_time,500.0,1,3
set_4500_close_time,333.800022272812,327,4
set_4500_time,2.0,6,3
set_4_2_eq,17.880540248617034,24,2
set_5000_close_time,387.46145020815385,390,4
set_5000_time,0.5,3,4
set_500_close_time,31.12087414334884,34,2
set_500_time,0.5267214234306645,1,2
set_5_3_2_eq,1.0,0,2
set_6000_time,4.0,5,4
set_6000_time_close,430.54348950478686,411,3
set_6_3_2_eq,2.7908502023837163,24,2
set_7000_time,136.12397640594048,4,4
set_7000_time_close,523.983417704267,499,4
set_7_3_2_eq,3.9026383415421027,31,2
set_8000_time,249.93514228145304,4,5
set_8000_time_close,568.292105897494,577,5
set_8_3_2_eq,18.444016891564043,27,2
set_9000_time,368.1134227388158,5,5
set_9000_time_close,672.1837767986281,609,5
set_9_3_3_eq,1.6992512752672901,0,2
results_10_binary
set_10000_time,6.0,78,23
set_10000_time_close,1015.0,2625,17
set_1000_close_time,99.5,280,2
set_1000_time,1.0,9,3
set_10_3_3_eq,18.51598184422872,116,2
set_11_3_3_eq,21.005255001474723,106,2
set_12_3_3_eq,56.95923516352134,92,2
set_13_8_rand,76.14394802072916,307,2
set_14_8_rand,114.5,327,3
set_1500_close_time,150.0,405,3
set_1500_time,0.0,9,3
set_15_8_rand,118.0,302,3
set_16_8_rand,188.0699503619652,301,9
set_17_8_rand,68.63196038142812,312,3
set_18_8_rand,122.55379951827798,304,3
set_19_8_rand,92.45511860713948,312,9
set_1_2_eq,0.5,1,2
set_2000_close_time,182.5,518,11
set_2000_time,0.0,13,3
set_20_8_rand,156.0,324,3
set_2500_close_time,324.0,713,3
set_2500_time,0.0,20,3
set_2_2_eq,0.0,2,3
set_3000_close_time,292.5,791,3
set_3000_time,188.5,15,3
set_3500_close_time,341.0,945,3
set_3500_time,420.0,13,4
set_3_2_eq,9.008434802898995,100,2
set_4000_close_time,300.0,1073,4
set_4000_time,1.0,16,4
set_4500_close_time,465.5,1192,27
set_4500_time,370.0,24,3
set_4_2_eq,22.0,86,2
set_5000_close_time,460.0,1321,4
set_5000_time,0.0,27,3
set_500_close_time,62.5,142,2
set_500_time,32.5,3,2
set_5_3_2_eq,1.0893887842851102,14,3
set_6000_time,299.0,41,5
set_6000_time_close,452.0,2114,4
set_6_3_2_eq,2.7269395248464567,122,2
set_7000_time,0.0,47,4
set_7000_time_close,772.0,1911,5
set_7_3_2_eq,3.0,109,2
set_8000_time,7.0,37,4
set_8000_time_close,793.5,2028,5
set_8_3_2_eq,23.426776632353608,89,2
set_9000_time,0.0,54,6
set_9000_time_close,944.0,2336,4
set_9_3_3_eq,2.0,20,2
results_20_binary
set_10000_time,592.5,85,6
set_10000_time_close,851.0,4419,5
set_1000_close_time,99.5,486,3
set_1000_time,0.0,10,2
set_10_3_3_eq,7.5,209,3
set_11_3_3_eq,19.5,199,2
set_12_3_3_eq,48.5,157,3
set_13_8_rand,107.84789576078971,551,3
set_14_8_rand,101.0,525,3
set_1500_close_time,187.0,687,3
set_1500_time,0.0,14,3
set_15_8_rand,159.02156455902173,517,3
set_16_8_rand,113.34395613210025,530,2
set_17_8_rand,62.0,548,3
set_18_8_rand,160.5,541,3
set_19_8_rand,85.31592852728498,552,3
set_1_2_eq,1.0,2,2
set_2000_close_time,199.5,912,3
set_2000_time,8.0,12,3
set_20_8_rand,38.0,553,3
set_2500_close_time,312.5,1107,4
set_2500_time,0.0,13,4
set_2_2_eq,16.5,3,2
set_3000_close_time,331.5,1341,3
set_3000_time,1.0,19,4
set_3500_close_time,313.0,1588,3
set_3500_time,6.0,15,4
set_3_2_eq,15.0,159,2
set_4000_close_time,304.0,1745,4
set_4000_time,0.0,21,4
set_4500_close_time,366.0,1975,4
set_4500_time,2.0,42,5
set_4_2_eq,22.5,150,2
set_5000_close_time,622.0,2188,4
set_5000_time,323.0,39,5
set_500_close_time,46.0,224,3
set_500_time,0.0,4,3
set_5_3_2_eq,2.0,11,2
set_6000_time,285.5,57,5
set_6000_time_close,590.0,2552,5
set_6_3_2_eq,6.566457319186155,168,2
set_7000_time,444.0,48,5
set_7000_time_close,704.5,2980,5
set_7_3_2_eq,11.513189614241517,181,3
set_8000_time,36.0,62,5
set_8000_time_close,797.5,3465,5
set_8_3_2_eq,26.550403595214608,176,2
set_9000_time,1.0,56,5
set_9000_time_close,812.0,4020,5
set_9_3_3_eq,20.995665256298622,9,3
results_50_binary
set_10000_time,0.0,94,7
set_10000_time_close,977.5,9452,7
set_1000_close_time,68.0,1037,3
set_1000_time,0.0,19,2
set_10_3_3_eq,21.0,503,2
set_11_3_3_eq,22.27477737669957,465,2
set_12_3_3_eq,36.34460729391135,406,2
set_13_8_rand,82.30754291787909,1233,3
set_14_8_rand,120.0,1239,3
set_1500_close_time,156.5,1500,3
set_1500_time,0.0,31,3
set_15_8_rand,103.82087129707563,1179,3
set_16_8_rand,112.37767884904787,1221,3
set_17_8_rand,72.0,1265,3
set_18_8_rand,120.0,1296,3
set_19_8_rand,86.5,1211,3
set_1_2_eq,1.529835885381479,5,2
set_2000_close_time,160.0,2064,3
set_2000_time,125.5,30,3
set_20_8_rand,22.051052298038158,1393,3
set_2500_close_time,242.0,2421,3
set_2500_time,0.0,38,3
set_2_2_eq,0.0,7,2
set_3000_close_time,296.5,2997,4
set_3000_time,0.0,51,4
set_3500_close_time,336.0,3329,4
set_3500_time,3.0,35,4
set_3_2_eq,1.0,367,2
set_4000_close_time,388.0,3799,4
set_4000_time,397.5,69,4
set_4500_close_time,428.0,4393,5
set_4500_time,105.5,75,5
set_4_2_eq,22.5,355,3
set_5000_close_time,513.0,4658,4
set_5000_time,3.0,98,5
set_500_close_time,44.0,558,2
set_500_time,8.0,8,3
set_5_3_2_eq,7.2933887539838915,22,2
set_6000_time,3.0,117,5
set_6000_time_close,588.5,5670,5
set_6_3_2_eq,1.0,58,3
set_7000_time,260.0,108,6
set_7000_time_close,679.5,6546,6
set_7_3_2_eq,4.5,416,2
set_8000_time,0.0,159,6
set_8000_time_close,769.0,7586,6
set_8_3_2_eq,21.67005090435486,407,2
set_9000_time,5.0,170,6
set_9000_time_close,662.0,8552,7
set_9_3_3_eq,1.5,24,2
results_10-10_binary
set_10000_time,1250.0,5223,6
set_10000_time_close,1250.0,5219,6
set_1000_close_time,125.0,533,3
set_1000_time,126.0,534,3
set_10_3_3_eq,54.0,185,2
set_11_3_3_eq,37.5,182,2
set_12_3_3_eq,47.0,181,2
set_13_8_rand,174.0,575,3
set_14_8_rand,181.0,543,3
set_1500_close_time,188.0,833,3
set_1500_time,184.0,793,3
set_15_8_rand,100.0,526,2
set_16_8_rand,100.0,526,3
set_17_8_rand,100.0,541,2
set_18_8_rand,174.0,533,3
set_19_8_rand,180.0,521,2
set_1_2_eq,25.0,148,2
set_2000_close_time,263.0,1061,3
set_2000_time,250.0,1075,3
set_20_8_rand,171.0,521,2
set_2500_close_time,324.0,1328,4
set_2500_time,302.0,1315,3
set_2_2_eq,0.0,24,2
set_3000_close_time,375.0,1596,3
set_3000_time,373.0,1616,4
set_3500_close_time,437.5,1851,4
set_3500_time,455.0,1856,4
set_3_2_eq,0.0,141,3
set_4000_close_time,500.0,2322,4
set_4000_time,500.0,2160,4
set_4500_close_time,562.5,2326,4
set_4500_time,572.0,2385,4
set_4_2_eq,25.0,140,3
set_5000_close_time,622.0,2659,4
set_5000_time,625.0,2629,5
set_500_close_time,67.0,259,3
set_500_time,62.5,287,3
set_5_3_2_eq,53.0,170,2
set_6000_time,750.0,3205,4
set_6000_time_close,750.0,3165,5
set_6_3_2_eq,37.5,167,2
set_7000_time,875.0,3706,5
set_7000_time_close,875.0,3714,5
set_7_3_2_eq,37.5,168,2
set_8000_time,1000.0,4136,5
set_8000_time_close,1000.0,4369,7
set_8_3_2_eq,37.5,169,3
set_9000_time,1125.0,4793,6
set_9000_time_close,1109.0,4770,6
set_9_3_3_eq,37.5,168,5
results__one_of
set_10000_time,588.0,2,5
set_10000_time_close,382.1343068187092,596,5
set_1000_close_time,35.02290685380966,58,2
set_1000_time,10.769273516685137,1,2
set_10_3_3_eq,20.806096439399596,24,2
set_11_3_3_eq,15.137080123530218,24,2
set_12_3_3_eq,25.396616106837463,24,2
set_13_8_rand,20.100968804650215,68,2
set_14_8_rand,19.582623269692725,63,2
set_1500_close_time,50.404894086337954,90,2
set_1500_time,11.628264595327405,0,3
set_15_8_rand,38.897138918607,62,2
set_16_8_rand,46.24385133176547,64,2
set_17_8_rand,22.549400080614078,63,3
set_18_8_rand,31.220824438430746,65,3
set_19_8_rand,23.084953220874752,65,3
set_1_2_eq,0.0,0,2
set_2000_close_time,74.30453340883062,123,3
set_2000_time,0.0,1,2
set_20_8_rand,7.792987772450551,64,2
set_2500_close_time,83.05991028990832,152,3
set_2500_time,150.01841363228334,0,3
set_2_2_eq,0.07201926719280075,0,2
set_3000_close_time,115.55585521166925,175,3
set_3000_time,186.5,1,2
set_3500_close_time,130.66735641765936,216,2
set_3500_time,0.0,2,3
set_3_2_eq,0.23772349614608768,15,2
set_4000_close_time,146.04378862409976,251,3
set_4000_time,0.5,2,3
set_4500_close_time,180.6071498128856,277,3
set_4500_time,78.4385934203917,2,3
set_4_2_eq,9.575802781274955,17,2
set_5000_close_time,187.58192013705764,301,3
set_5000_time,11.200338385586841,3,3
set_500_close_time,17.58256976312228,30,2
set_500_time,7.652171905151337,0,2
set_5_3_2_eq,0.5,0,2
set_6000_time,1.0,3,4
set_6000_time_close,214.1164428217315,363,4
set_6_3_2_eq,2.2311327311035516,24,2
set_7000_time,0.0,3,3
set_7000_time_close,268.0533207183506,421,4
set_7_3_2_eq,2.031215693219976,24,2
set_8000_time,116.25971734245178,3,4
set_8000_time_close,312.24479679396234,493,4
set_8_3_2_eq,11.865055973109518,24,2
set_9000_time,0.0,6,4
set_9000_time_close,336.1467495447232,557,5
set_9_3_3_eq,1.5,1,2
results_10_one_of
set_10000_time,591.5,2229,6
set_10000_time_close,599.5,2259,6
set_1000_close_time,60.5,222,2
set_1000_time,63.0,221,3
set_10_3_3_eq,22.0,75,3
set_11_3_3_eq,39.5,77,3
set_12_3_3_eq,37.0,78,2
set_13_8_rand,36.5,212,3
set_14_8_rand,34.0,233,2
set_1500_close_time,94.0,357,2
set_1500_time,92.0,341,4
set_15_8_rand,42.0,221,3
set_16_8_rand,36.5,218,3
set_17_8_rand,40.5,235,2
set_18_8_rand,61.5,250,3
set_19_8_rand,35.5,214,3
set_1_2_eq,11.0,1,2
set_2000_close_time,118.5,476,2
set_2000_time,14.5,47,2
set_20_8_rand,35.0,218,3
set_2500_close_time,150.5,560,2
set_2500_time,3.5,110,3
set_2_2_eq,3.650023242639684,2,2
set_3000_close_time,188.5,673,3
set_3000_time,186.5,661,4
set_3500_close_time,217.0,801,3
set_3500_time,227.5,798,3
set_3_2_eq,1.7908613363487338,64,2
set_4000_close_time,250.0,890,4
set_4000_time,249.5,910,4
set_4500_close_time,272.0,1033,3
set_4500_time,276.5,999,3
set_4_2_eq,8.0,68,3
set_5000_close_time,314.0,1176,3
set_5000_time,323.0,1153,3
set_500_close_time,33.5,117,2
set_500_time,32.5,3,2
set_5_3_2_eq,26.5,84,2
set_6000_time,368.5,1337,4
set_6000_time_close,362.0,1334,4
set_6_3_2_eq,24.0,79,3
set_7000_time,444.0,1562,4
set_7000_time_close,440.0,1579,4
set_7_3_2_eq,38.5,75,3
set_8000_time,509.5,70,5
set_8000_time_close,499.0,1774,4
set_8_3_2_eq,22.5,82,3
set_9000_time,561.0,2677,11
set_9000_time_close,554.5,2308,5
set_9_3_3_eq,26.5,93,2
results_20_one_of
set_10000_time,658.5,3937,6
set_10000_time_close,650.5,3803,6
set_1000_close_time,64.5,398,2
set_1000_time,63.0,15,2
set_10_3_3_eq,42.0,137,2
set_11_3_3_eq,35.5,133,3
set_12_3_3_eq,27.5,136,2
set_13_8_rand,36.5,367,2
set_14_8_rand,35.0,402,3
set_1500_close_time,93.5,560,3
set_1500_time,92.0,571,3
set_15_8_rand,96.5,374,3
set_16_8_rand,117.5,374,2
set_17_8_rand,29.5,430,3
set_18_8_rand,34.5,432,2
set_19_8_rand,35.5,380,3
set_1_2_eq,0.5806510441383282,4,2
set_2000_close_time,131.5,765,3
set_2000_time,0.5,57,2
set_20_8_rand,26.5,374,2
set_2500_close_time,150.5,972,3
set_2500_time,20.0,64,3
set_2_2_eq,0.0,17,1
set_3000_close_time,186.5,1168,3
set_3000_time,1.0,504,3
set_3500_close_time,144.0,1343,3
set_3500_time,227.5,1324,4
set_3_2_eq,0.5,144,2
set_4000_close_time,250.0,1538,4
set_4000_time,250.5,1503,3
set_4500_close_time,272.0,1638,4
set_4500_time,286.0,237,4
set_4_2_eq,11.5,130,3
set_5000_close_time,311.0,1822,4
set_5000_time,323.0,1895,4
set_500_close_time,29.0,191,3
set_500_time,0.0,7,2
set_5_3_2_eq,37.0,142,2
set_6000_time,368.5,2367,5
set_6000_time_close,388.0,2294,4
set_6_3_2_eq,24.0,131,2
set_7000_time,431.0,135,4
set_7000_time_close,440.0,2635,5
set_7_3_2_eq,38.5,139,3
set_8000_time,509.5,3108,5
set_8000_time_close,499.0,3046,5
set_8_3_2_eq,28.86612372169366,146,2
set_9000_time,561.0,3490,5
set_9000_time_close,554.5,3431,5
set_9_3_3_eq,40.5,141,2
results_50_one_of
set_10000_time,591.5,8336,6
set_10000_time_close,650.5,8529,7
set_1000_close_time,57.0,855,3
set_1000_time,2.0,33,3
set_10_3_3_eq,22.0,307,2
set_11_3_3_eq,20.5,337,2
set_12_3_3_eq,27.5,326,2
set_13_8_rand,36.5,867,3
set_14_8_rand,34.0,889,2
set_1500_close_time,93.5,1445,3
set_1500_time,0.0,27,3
set_15_8_rand,42.0,951,3
set_16_8_rand,36.5,889,3
set_17_8_rand,22.0,1010,2
set_18_8_rand,37.5,1055,2
set_19_8_rand,35.5,836,2
set_1_2_eq,0.0,6,2
set_2000_close_time,118.5,1773,3
set_2000_time,0.0,26,3
set_20_8_rand,28.254618017196098,894,2
set_2500_close_time,84.0,2204,3
set_2500_time,161.5,47,4
set_2_2_eq,0.0,7,3
set_3000_close_time,188.5,2532,4
set_3000_time,0.5,60,4
set_3500_close_time,217.0,3011,4
set_3500_time,0.0,477,4
set_3_2_eq,0.5,343,2
set_4000_close_time,250.0,3355,3
set_4000_time,63.0,79,4
set_4500_close_time,290.5,3778,4
set_4500_time,3.5,827,5
set_4_2_eq,9.0,320,2
set_5000_close_time,314.0,4255,4
set_5000_time,323.0,4227,4
set_500_close_time,29.0,508,2
set_500_time,0.0,10,3
set_5_3_2_eq,38.0,304,3
set_6000_time,0.0,194,6
set_6000_time_close,215.5,5243,4
set_6_3_2_eq,18.5,347,2
set_7000_time,444.0,156,5
set_7000_time_close,440.0,5942,5
set_7_3_2_eq,16.87131961683102,307,2
set_8000_time,509.5,3108,6
set_8000_time_close,499.0,7190,5
set_8_3_2_eq,15.5,351,3
set_9000_time,561.0,7427,5
set_9000_time_close,554.5,7791,6
set_9_3_3_eq,18.0,329,2
results_10-10_one_of
set_10000_time,591.5,5183,6
set_10000_time_close,599.5,5747,5
set_1000_close_time,64.5,569,2
set_1000_time,63.0,523,2
set_10_3_3_eq,22.0,193,2
set_11_3_3_eq,26.0,194,2
set_12_3_3_eq,37.0,210,2
set_13_8_rand,36.5,499,2
set_14_8_rand,34.0,484,2
set_1500_close_time,94.0,783,3
set_1500_time,0.0,743,3
set_15_8_rand,185.0,471,3
set_16_8_rand,36.5,484,3
set_17_8_rand,40.0,445,2
set_18_8_rand,41.5,469,2
set_19_8_rand,35.5,473,2
set_1_2_eq,0.0,11,2
set_2000_close_time,118.5,1039,3
set_2000_time,1.0,897,3
set_20_8_rand,35.0,451,3
set_2500_close_time,162.0,1312,3
set_2500_time,151.0,1277,3
set_2_2_eq,14.5,106,2
set_3000_close_time,186.5,1490,4
set_3000_time,188.5,1485,3
set_3500_close_time,217.0,1777,3
set_3500_time,227.5,1797,4
set_3_2_eq,14.5,106,3
set_4000_close_time,250.0,2267,4
set_4000_time,250.5,2102,4
set_4500_close_time,272.0,2312,4
set_4500_time,276.5,2328,4
set_4_2_eq,11.5,108,3
set_5000_close_time,314.0,2682,4
set_5000_time,323.0,2514,4
set_500_close_time,33.5,273,2
set_500_time,32.5,252,2
set_5_3_2_eq,26.5,191,2
set_6000_time,368.5,3462,4
set_6000_time_close,388.0,3156,4
set_6_3_2_eq,38.5,182,3
set_7000_time,431.0,3555,5
set_7000_time_close,440.0,3582,5
set_7_3_2_eq,38.5,180,2
set_8000_time,490.5,4047,5
set_8000_time_close,499.0,3925,5
set_8_3_2_eq,23.0,195,2
set_9000_time,561.0,4592,11
set_9000_time_close,554.5,4592,5
set_9_3_3_eq,26.5,183,1
